21.411
21.72
22.055
22.513
23.395
25.229
25.741
26.005
21.623
21.79
22.125
22.787
24.824
25.635
25.794
26.252
21.675
21.914
22.143
23.351
25.22
25.785
25.97
26.552
21.781
22.028
22.531
24.841
25.529
25.723
25.891
26.878
21.958
22.134
23.377
25.123
25.75
25.864
26.146
27.178
21.958
22.496
24.727
25.485
25.679
25.873
26.358
27.257
22.125
23.298
25.176
25.75
25.82
25.891
26.817
27.363
22.513
24.7
25.459
25.661
25.794
26.12
27.011
27.566
23.298
25.141
25.732
25.847
25.882
26.296
27.249
27.945
24.744
25.441
25.661
25.891
25.926
26.623
27.293
27.998
26.914
24.841
25.106
26.067
29.497
31.102
31.72
33.069
24.841
24.938
25.397
27.249
30.22
31.367
32.16
33.757
24.85
25.203
25.926
29.4
31.12
31.711
32.69
35.053
24.956
25.282
27.31
30.22
31.27
32.055
33.21
35.847
25.088
25.882
29.48
31.076
31.587
32.407
33.845
36.138
25.3
27.319
30.238
31.252
31.887
32.804
35
36.464
25.935
29.383
31.058
31.508
32.099
33.289
35.741
36.49
27.275
30.265
31.164
31.843
32.346
33.977
36.032
36.429
29.409
31.058
31.481
31.878
32.813
34.965
36.252
36.649
30.265
31.146
31.781
32.108
33.36
35.829
36.596
36.843
27.646
26.367
26.684
27.284
30.176
32.416
33.36
34.7
26.34
26.481
26.737
28.466
31.649
33.016
33.783
35.344
26.42
26.305
27.451
30.009
32.619
33.175
34.444
36.023
26.217
27.046
28.571
31.79
33.078
33.695
34.832
36.34
26.799
27.628
30.018
32.743
33.192
34.18
35.353
36.693
27.284
28.88
31.79
33.078
33.598
34.603
36.014
37.028
27.972
30.141
32.751
33.201
33.898
35.026
36.481
37.813
29.101
31.869
33.131
33.457
34.312
35.547
36.711
39.074
30.229
32.795
33.192
33.721
34.727
36.067
36.808
39.559
31.914
33.104
33.377
33.959
35.247
36.411
37.628
39.982
28.21
26.772
27.451
28.43
31.279
33.016
34.762
35.899
26.675
27.293
28.192
30.079
32.407
33.933
35.026
36.834
27.257
27.963
29.603
31.94
33.139
34.444
35.679
38.086
27.972
29.356
31.261
32.628
33.862
34.85
36.402
38.721
29.189
30.511
32.231
33.219
34.4
35.52
37.152
39.586
30.123
31.808
32.892
33.977
34.612
36.12
37.919
40.079
31.146
32.363
33.386
34.374
35.185
36.764
39.065
41.543
31.623
32.848
34.021
34.418
35.573
37.39
39.515
43.369
32.293
33.413
34.242
34.797
36.19
38.263
40.617
44.55
32.672
33.986
34.198
35.388
36.993
39.136
41.658
45.141
28.236
26.755
27.575
28.554
31.517
33.554
35.459
37.337
26.623
27.434
28.43
30.485
32.989
34.638
36.552
38.377
27.337
28.06
29.797
32.31
33.889
35.917
37.654
39.347
28.104
29.515
31.781
33.263
34.912
36.552
38.342
40.511
29.277
31.076
32.646
33.968
35.811
37.716
39.127
41.508
30.564
32.39
33.651
35.132
36.57
38.316
39.903
42.434
31.728
33.06
33.968
35.767
37.39
38.827
40.855
43.554
32.504
33.395
35.194
36.561
38.025
39.762
41.534
45.176
33.086
33.942
35.82
37.399
38.58
40.185
42.663
46.27
33.28
35.194
36.684
37.848
39.321
40.988
43.704
47.063
28.219
26.755
27.716
28.695
31.755
34.004
35.935
37.928
26.614
27.557
28.545
30.688
33.298
35.079
37.178
39.153
27.443
28.298
29.974
32.566
34.489
36.473
38.307
40.123
28.263
29.577
31.878
33.854
35.855
37.54
39.453
41.825
29.259
31.023
33.289
35.044
36.914
38.862
40.441
43.06
30.626
32.778
34.25
36.27
37.998
39.797
41.623
44.541
32.037
33.633
35.979
37.284
39.109
40.406
42.61
45.802
33.28
34.797
36.94
38.307
39.497
41.323
43.695
47.284
33.81
36.023
37.451
39.065
40.194
42.399
45.018
48.413
35.168
37.116
38.183
39.374
41.049
42.998
46.464
49.709
28.677
27.654
28.995
31.111
35.82
41.305
45.794
49.683
27.549
28.898
30.829
34.453
40.432
45.247
49.092
52.928
28.88
30.697
33.774
40
44.409
48.589
52.266
55.529
30.644
33.342
38.959
43.862
48.254
51.526
54.797
57.169
33.122
38.157
43.228
47.901
51.076
53.58
56.376
59.109
37.531
42.654
47.143
50.758
53.007
55.538
57.601
60.891
41.94
46.323
50.494
52.795
54.78
56.834
58.959
62.813
45.732
49.894
52.337
54.312
56.164
57.725
60.573
64.982
49.206
51.984
53.774
55.529
56.966
58.924
62.601
66.684
51.517
53.272
54.885
56.305
57.804
60.115
64.568
68.016
28.677
27.637
29.012
31.146
35.97
41.481
46.067
50.123
27.549
28.915
30.899
34.497
40.705
45.538
49.621
53.474
28.889
30.679
33.862
40.168
44.709
49.162
53.007
56.34
30.67
33.439
39.198
44.198
48.801
52.213
55.714
58.474
33.201
38.298
43.501
48.298
51.914
55.229
57.787
60.82
37.707
42.954
47.751
51.526
54.347
57.196
59.638
62.919
42.222
46.869
51.27
54.03
56.437
58.827
61.358
64.815
46.235
50.829
53.624
56.12
58.21
60.212
63.095
66.596
50.053
53.139
55.441
57.716
59.409
28.677
27.654
29.03
31.208
36.023
41.543
46.226
50.265
27.566
28.933
30.891
34.524
40.785
45.705
49.735
53.827
28.871
30.688
33.88
40.229
44.797
49.33
53.272
56.755
30.661
33.466
39.286
44.25
48.986
52.637
56.437
59.277
33.254
38.342
43.677
48.598
52.284
55.573
58.527
61.966
37.751
43.025
47.84
52.081
54.956
58.263
60.944
64.718
42.363
47.178
51.799
54.665
57.601
60.132
63.254
66.843
46.534
51.305
54.444
56.958
59.718
